0.00000  7795.21653  7887.64318  6015.95686  6042.98147  5483.30888  4340.27269  4445.54973  6934.00222 
7795.21653  0.00000  10848.50102  5423.28678  5994.47299  9746.67546  4459.89248  9206.12334  4106.42741 
7887.64318  10848.50102  0.00000  11477.33164  4959.41488  4381.14322  8222.27246  4289.61065  11940.14543 
6015.95686  5423.28678  11477.33164  0.00000  7126.12943  7286.72223  6571.35308  10350.20872  3861.63530 
6042.98147  5994.47299  4959.41488  7126.12943  0.00000  4823.33361  4205.12062  4904.08964  7249.19308 
5483.30888  9746.67546  4381.14322  7286.72223  4823.33361  0.00000  8149.08296  5792.05124  10022.51273 
4340.27269  4459.89248  8222.27246  6571.35308  4205.12062  8149.08296  0.00000  5545.95954  3921.39266 
4445.54973  9206.12334  4289.61065  10350.20872  4904.08964  5792.05124  5545.95954  0.00000  9045.26313 
6934.00222  4106.42741  11940.14543  3861.63530  7249.19308  10022.51273  3921.39266  9045.26313  0.00000 