0.00000  6813.26122  6305.53617  4775.14292  4525.76894  3915.61890  3994.47977  3789.47898  5374.76548 
6813.26122  0.00000  9553.87098  4724.92392  5067.10645  8282.00108  3894.09033  7873.30105  3608.30956 
6305.53617  9553.87098  0.00000  9425.26989  4524.15083  3995.60155  7374.50512  3777.70262  10351.16103 
4775.14292  4724.92392  9425.26989  0.00000  5721.35264  6347.24358  5174.26538  7813.36834  3511.89135 
4525.76894  5067.10645  4524.15083  5721.35264  0.00000  4036.75566  3879.21959  4004.71627  6381.48402 
3915.61890  8282.00108  3995.60155  6347.24358  4036.75566  0.00000  6491.70870  4476.71841  8259.80183 
3994.47977  3894.09033  7374.50512  5174.26538  3879.21959  6491.70870  0.00000  4555.90964  3609.83367 
3789.47898  7873.30105  3777.70262  7813.36834  4004.71627  4476.71841  4555.90964  0.00000  7725.00019 
5374.76548  3608.30956  10351.16103  3511.89135  6381.48402  8259.80183  3609.83367  7725.00019  0.00000 